0309.png 1 -373 49 2 1 8 237 212 0 255 
Makefile 0 244 -140 3 1 8 237 212 0 255 
dynamic.x 0 152 79 3 1 8 196 160 0 255 
gl 1 -194 -262 1 1 4 0 100 0 0 
glview.x 0 203 -215 3 1 8 239 41 41 255 
graph.txt 0 13 -213 3 1 8 0 0 0 0 
gtk 1 495 -216 1 1 4 0 0 0 0 
imageboardtest.x 0 -312 -195 3 1 8 0 0 0 0 
mind.x 0 116 -355 3 1 8 0 0 0 0 
mindmap.x 0 -463 -352 3 1 8 0 0 0 0 
mindv.x 0 -2147483648 -2147483648 3 1 8 0 0 0 0 
nmap.png 1 298 -349 2 1 8 0 0 0 100 
obj 1 621 221 3 1 4 0 0 0 0 
src 1 -173 276 1 1 4 0 0 0 0 
test2.x 0 0 0 3 1 8 32 48 32 48 
tree.x 0 288 7 3 1 8 0 0 0 0 
treeview.x 0 -219 -43 3 1 8 0 0 0 0 
우리도 1 -344 -113 1 1 4 0 0 0 0 
