0x244d0f0 0x2455840 0x244f3e0 0x244f490 0x244f6a0 0x244f770 0x244f4e0 0x2454c90 0x2454d60 0x2454e30 0x2454f00 0x2450050 0x2450780 0x2450850 0x24553e0 0x2450a80 0x2450b50 
. 1 0 0 1 1 4 0 0 0 0 
0x2455840 
Makefile 0 202 -128 1 1 8 53 51 53 49 
0x244f3e0 
data.txt 0 199 63 1 1 8 0 0 0 0 
0x244f490 0x244f580 0x2452060 0x2452130 0x2452200 0x2452640 
gl 1 275 -283 1 1 4 0 100 0 0 
0x244f580 
Makefile 0 176 212 3 1 8 53 51 53 49 
0x2452060 
gldrawable.cc 0 328 223 3 1 8 0 0 0 0 
0x2452130 
glview.cpp 0 231 34 3 1 8 0 0 0 0 
0x2452200 
mindmap.cpp 0 256 114 3 1 8 0 0 0 0 
0x2452640 
test.cpp 0 102 281 3 1 8 0 0 0 0 
0x244f6a0 
glview.x 0 169 -11 3 1 8 0 0 0 0 
0x244f770 
graph.txt 0 71 -158 3 1 8 0 0 0 0 
0x244f4e0 0x2452480 0x2452550 0x2454700 0x24547b0 0x2454880 0x2454950 0x2454a20 0x2454af0 0x2454bc0 
gtk 1 665 47 3 1 4 0 0 0 0 
0x2452480 
Makefile 0 135 5 3 1 8 53 51 53 49 
0x2452550 
drawable.cc 0 233 207 3 1 8 0 0 0 0 
0x2454700 
drawable.h 0 195 87 3 1 8 0 0 0 0 
0x24547b0 
graphv.h 0 270 139 3 1 8 0 0 0 0 
0x2454880 
mindv.cpp 0 -63 237 3 1 8 0 0 0 0 
0x2454950 
special.h 0 164 257 3 1 8 0 0 0 0 
0x2454a20 
treeview.cc 0 111 282 3 1 8 0 0 0 0 
0x2454af0 
treeview.cpp 0 17 251 3 1 8 0 0 0 0 
0x2454bc0 
treeview.h 0 135 -77 3 1 8 0 0 0 0 
0x2454c90 
mind.x 0 46 -291 3 1 8 0 0 0 0 
0x2454d60 
mindmap.x 0 -24 -181 3 1 8 0 0 0 0 
0x2454e30 
mindv.x 0 -54 -115 3 1 8 0 0 0 0 
0x2454f00 0x2452270 0x2452320 0x24502a0 0x2450370 0x2450440 0x2450510 0x24505e0 0x24506b0 0x2450e10 0x2450ee0 0x2450fb0 0x2451080 0x2451150 0x2451220 
obj 1 250 128 3 1 4 0 0 0 0 
0x2452270 
Makefile 0 270 220 3 1 8 53 51 53 49 
0x2452320 
drawable.o 0 84 371 3 1 8 0 0 0 0 
0x24502a0 
gldrawable.o 0 151 416 3 1 8 0 0 0 0 
0x2450370 
glview.x 0 229 464 3 1 8 0 0 0 0 
0x2450440 
ls.o 0 -59 328 3 1 8 0 0 0 0 
0x2450510 
mind.x 0 -7 239 3 1 8 0 0 0 0 
0x24505e0 
mindmap.o 0 -84 234 3 1 8 0 0 0 0 
0x24506b0 
mindmap.x 0 20 363 3 1 8 0 0 0 0 
0x2450e10 
mindv.x 0 245 394 3 1 8 0 0 0 0 
0x2450ee0 
point.o 0 32 486 3 1 8 0 0 0 0 
0x2450fb0 
test.x 0 346 410 3 1 8 0 0 0 0 
0x2451080 
tree.x 0 197 42 3 1 8 0 0 0 0 
0x2451150 
treeview.o 0 286 164 3 1 8 0 0 0 0 
0x2451220 
treeview.x 0 269 90 3 1 8 0 0 0 0 
0x2450050 0x2455020 0x24550d0 0x24512f0 0x24513c0 0x2451490 0x2451560 0x2451cd0 0x2451da0 0x2451e70 0x2451f40 0x24509b0 
src 1 -99 133 3 1 4 0 0 0 0 
0x2455020 
Makefile 0 167 111 3 1 8 53 51 53 49 
0x24550d0 
bintree.h 0 132 209 3 1 8 0 0 0 0 
0x24512f0 
ls.cc 0 -35 179 3 1 8 0 0 0 0 
0x24513c0 
mind.cpp 0 62 203 3 1 8 0 0 0 0 
0x2451490 
mindmap.cc 0 131 -9 3 1 8 0 0 0 0 
0x2451560 
mindmap.h 0 -91 48 3 1 8 0 0 0 0 
0x2451cd0 
parsetree.h 0 188 38 3 1 8 0 0 0 0 
0x2451da0 
point.cc 0 270 131 3 1 8 0 0 0 0 
0x2451e70 
point.h 0 260 80 3 1 8 0 0 0 0 
0x2451f40 
tgraph.h 0 203 182 3 1 8 0 0 0 0 
0x24509b0 
tree.cpp 0 121 156 3 1 8 0 0 0 0 
0x2450780 
test.x 0 256 -82 3 1 8 0 0 0 0 
0x2450850 
tree.x 0 236 2 3 1 8 0 0 0 0 
0x24553e0 
treeview.x 0 -147 -85 3 1 8 0 0 0 0 
0x2450a80 
사나이 0 159 -247 3 1 8 0 0 0 0 
0x2450b50 
우리는 1 -180 28 1 1 4 0 0 0 0 
